# Original neuron tracing performed in Neuromantic
# which was programmed by Darren Myatt (d.r.myatt@reading.ac.uk)
# See homepage at http://www.rdg.ac.uk/Neuromantic
#
# NEUROMANTIC V1.6.3 (2020/6/4 下午 02:48:38): Saved to Practice.swc
# NEUROMANTIC V1.6.3 (2020/6/4 下午 02:51:40): Saved to Practice.swc
# NEUROMANTIC V1.6.3 (2020/6/4 下午 02:56:19): Saved to Practice.swc
# NEUROMANTIC V1.6.3 (2020/6/4 下午 02:58:39): Saved to Practice.swc
# NEUROMANTIC V1.6.3 (2020/6/4 下午 03:00:36): Saved to Practice.swc
# NEUROMANTIC V1.6.3 (2020/6/4 下午 03:05:15): Saved to Practice.swc
# NEUROMANTIC V1.6.3 (2020/6/4 下午 03:05:50): Saved to Practice.swc
# NEUROMANTIC V1.6.3 (2020/6/4 下午 03:13:59): Saved to Practice.swc
# NEUROMANTIC V1.6.3 (2020/6/4 下午 03:18:14): Saved to Practice.swc
# NEUROMANTIC V1.6.3 (2020/6/4 下午 03:24:04): Saved to Practice.swc
# NEUROMANTIC V1.6.3 (2020/6/4 下午 03:24:55): Saved to Practice.swc
# NEUROMANTIC V1.6.3 (2020/6/4 下午 03:32:54): Saved to Practice.swc
# NEUROMANTIC V1.6.3 (2020/6/4 下午 03:49:08): Saved to Practice.swc
# NEUROMANTIC V1.6.3 (2020/6/4 下午 03:54:42): Saved to Practice.swc
# NEUROMANTIC V1.6.3 (2020/6/5 上午 10:33:41): Saved to Practice.swc
# NEUROMANTIC V1.6.3 (2020/6/5 上午 10:42:58): Saved to Practice.swc
# NEUROMANTIC V1.6.3 (2020/6/5 上午 10:43:01): Saved to Practice.swc
# NEUROMANTIC V1.6.3 (2020/6/5 上午 10:51:32): Saved to Practice.swc
# NEUROMANTIC V1.6.3 (2020/6/5 上午 11:09:30): Saved to Practice.swc
1 1 343.71 343.71 13 4.8965 -1
2 1 340.46 340.04 13 7.6985 1
3 1 338.88 337.88 13 8.4789 2
4 1 337.33 335.67 13 8.9171 3
5 1 335.5 333.67 13 6.885 4
6 1 333.25 331.42 13 2.2423 5
7 3 330.58 330.63 13 1.5098 6
8 3 328.71 329.42 13 1.1494 7
9 3 326.75 328.46 13 1.0316 8
10 3 325.96 327.08 13 1.3288 9
11 3 323.08 326.83 13 1.2019 10
12 3 321.67 326.04 15 1.1585 11
13 3 319.46 325.29 15 1.7129 12
14 3 318.4 324.33 13 1.0819 13
15 3 317.42 323.23 14 1.1051 14
16 3 315.67 322.33 14 0.91992 15
17 3 315.08 321.02 15 1.2374 16
18 3 313.05 320.92 15 1.3259 17
19 3 311.67 319.1 17 0.97371 18
20 3 310.7 317.88 17 0.97628 19
21 3 309.33 316.65 17 1.09 20
22 3 308.25 315.73 17 1.0785 21
23 3 307.95 314.35 17 1.1011 22
24 3 307.1 313.5 17 0.92197 23
25 3 305.92 312.47 17 0.88671 24
26 3 304.88 311.58 17 0.99057 25
27 3 304.08 310.7 17 1.115 26
28 3 303.1 310.15 17 1.0308 27
29 3 302.15 309.02 17 0.86639 28
30 3 301.05 307.9 17 1.2728 29
31 3 299.9 306.98 17 1.1856 30
32 3 298.85 306.02 17 1.1557 31
33 3 297.4 305.35 18 0.78103 32
34 3 296.1 304.38 18 0.91002 33
35 3 294.95 303.13 18 1.0201 34
36 3 293.63 302.47 18 1.0659 35
37 3 291.98 302.2 18 1.1172 36
38 3 290.78 301.02 18 0.96501 37
39 3 289.15 300.77 18 1.2199 38
40 3 288 298.95 18 1.2021 39
41 3 286.13 298.85 18 1.1503 40
42 3 284.67 297.98 18 1.1051 41
43 3 283.17 297.4 18 1.009 42
44 3 281.63 296.42 18 1.018 43
45 3 280.52 295.6 18 1.0551 44
46 3 279.55 294.5 18 0.99248 45
47 3 277.67 293.03 18 1.0056 46
48 3 276.02 291.83 18 1.1164 47
49 3 274.33 291.15 18 1.1654 48
50 3 272.6 290.4 18 0.92196 49
51 3 271.02 289.8 18 1.1138 50
52 3 269.9 289.2 18 1.1402 51
53 3 268.15 288.88 19 1.0503 52
54 3 266.63 287.95 19 1.0262 53
55 3 265.08 287.77 19 0.96501 54
56 3 263.6 287.03 19 1.0762 55
57 3 262.25 286.65 19 0.81395 56
58 3 261.1 285.28 19 1.1909 57
59 3 259.55 284.97 19 1.1305 58
60 3 258 284.17 19 1.1305 59
61 3 256.35 283.5 19 0.85 60
62 3 254.92 283 19 0.99907 61
63 3 253.67 282.15 19 0.84594 62
64 3 252.43 281.25 19 0.97244 63
65 3 251.48 280.53 19 1.0056 64
66 3 249.52 279.65 19 1.2652 65
67 3 248.15 278.63 19 1.0761 66
68 3 246.8 277.95 19 1.1662 67
69 3 245.48 277.4 19 0.99529 68
70 3 243.9 276.55 19 0.90139 69
71 3 242.8 275.72 19 0.97243 70
72 3 241.23 274.2 22 0.95689 71
73 3 239.7 273.02 22 1.1138 72
74 3 238.68 271.95 22 1.1105 73
75 3 237.23 270.95 22 1.1503 74
76 3 236.3 270.33 22 0.90312 75
77 3 234.65 269.55 22 0.85147 76
78 3 233.38 268.8 22 0.80507 77
79 3 231.48 267.41 26 0.6625 78
80 3 229.91 266.51 26 0.62275 79
81 3 228.79 265.98 26 0.59752 80
82 3 227.39 265.35 26 0.71643 81
83 3 226.41 264.69 26 0.79627 82
84 3 225.11 263.83 26 0.72035 83
85 3 223.94 262.98 26 0.57622 84
86 3 223.43 262.34 26 0.85009 85
87 3 222.36 261.34 26 0.71786 86
88 3 221.54 260.51 26 0.81337 87
89 3 220.45 259.55 26 0.78102 88
90 3 219.15 258.91 26 1.1242 89
91 3 218.07 258.01 26 1.1812 90
92 3 216.33 257.33 30 1.1211 91
93 3 214.65 256.15 30 0.81394 92
94 3 213.73 255.25 30 1.1557 93
95 3 212.48 254.48 30 0.99058 94
96 3 211.2 253.27 30 1.0503 95
97 3 209.88 251.9 30 0.93842 96
98 3 208.73 250.95 30 0.97628 97
99 3 207.25 249.82 30 1.0503 98
100 3 205.35 248.93 30 1.115 99
101 3 203.9 247.88 30 1.3704 100
102 3 202.25 247.02 30 0.95033 101
103 3 200.68 246 33 0.94505 102
104 3 198.9 244.7 33 1.0308 103
105 3 197.38 243.73 33 0.89512 104
106 3 195.88 242.5 33 0.79726 105
107 3 194.4 241.23 33 0.97372 106
108 3 193.05 239.95 33 0.89022 107
109 3 191.8 238.45 33 0.85147 108
110 3 190 237.73 33 0.76199 109
111 3 188.3 237.1 37 0.82006 110
112 3 186.55 236.8 37 0.90139 111
113 3 185.17 235.8 37 0.83554 112
114 3 183.6 234.95 37 1.0124 113
115 3 181.93 234.02 37 1.0277 114
116 3 180.73 232.9 37 0.72672 115
117 3 178.95 231.75 37 1.1715 116
118 3 177.4 230.58 37 0.92229 117
119 3 175.75 229.4 37 0.71064 118
120 3 173.73 228.6 41 0.94506 119
121 3 171.6 227.57 41 0.90312 120
122 3 170.02 226.8 41 1.0262 121
123 3 168.05 225.77 41 1.0078 122
124 3 166.55 224.77 41 0.97372 123
125 3 164.6 223.45 41 1.1102 124
126 3 162.9 222.63 41 0.94505 125
127 3 161.02 221.67 44 0.99562 126
128 3 159.65 220.5 44 0.70711 127
129 3 157.52 219.4 44 0.93842 128
130 3 156.07 217.95 44 0.76199 129
131 3 154.98 217.02 44 1.047 130
132 3 153.55 216.08 44 1.0443 131
133 3 152.52 214.65 44 0.76526 132
134 3 150.85 213.17 44 0.79726 133
135 3 149.27 212.45 44 0.75208 134
136 3 147.57 212.82 48 0.83441 135
137 3 146.15 213.38 50 0.72673 136
138 3 325.11 325.84 13 0.87053 10
139 3 324.81 324.1 13 0.77105 138
140 3 324.33 322.61 13 0.71557 139
141 3 324 320.72 13 1.1105 140
142 3 323.61 319.11 13 1.059 141
143 3 323.28 317.51 14 0.83638 142
144 3 323.14 315.31 14 0.71786 143
145 3 323.14 313.98 14 0.71295 144
146 3 322.98 312.06 14 0.90008 145
147 3 323.1 309.92 14 0.90311 146
148 3 322.55 307.4 14 0.72801 147
149 3 321.92 305.52 14 0.99813 148
150 3 321.45 303.4 14 0.96567 149
151 3 320.92 300.67 14 0.88388 150
152 3 320.48 298.4 14 1.0359 151
153 3 319.77 296.03 14 1.1275 152
154 3 319.6 293.75 20 0.86314 153
155 3 318.9 291.45 20 1.2 154
156 3 319.3 289.13 20 0.90865 155
157 3 319.53 287.05 20 0.83852 156
158 3 319.98 284.88 20 0.99058 157
159 3 319.95 282.92 20 0.95033 158
160 3 320.05 280.85 20 0.8 159
161 3 318.77 278.97 20 1.1859 160
162 3 317.65 277.78 20 1.0467 161
163 3 316.33 276.23 20 1.0253 162
164 3 315.65 274.53 20 1.0262 163
165 3 314.4 272.25 20 0.94867 164
166 3 313.3 270.13 20 0.9569 165
167 3 312.65 268.35 20 1.0547 166
168 3 311.88 266.02 20 0.95196 167
169 3 309.83 264.05 23 1.364 168
170 3 308.27 262.22 23 1.1319 169
171 3 307.08 260.88 23 0.95197 170
172 3 306.1 258.5 23 0.80777 171
173 3 305.52 256.95 23 0.91001 172
174 3 304.35 255.8 26 0.69463 173
175 3 303.38 254.45 26 0.85331 174
176 3 302.45 252.95 26 1.0548 175
177 3 302.27 251.27 26 0.68283 176
178 3 301.2 249.35 26 0.69461 177
179 3 300.15 247.65 26 0.87465 178
180 3 298.85 246.02 26 0.7766 179
181 3 297.42 244.95 28 1.0443 180
182 3 295.5 243.35 28 0.99999 181
183 3 294.22 241.6 28 0.81125 182
184 3 293.27 240.13 28 0.68282 183
185 3 292.02 238.95 31 0.84595 184
186 3 290.17 238.02 31 0.8867 185
187 3 288.38 236.8 31 1.009 186
188 3 287.25 235.5 31 0.94339 187
189 3 285.95 233.75 31 0.89022 188
190 3 284.38 232.18 31 1.1096 189
191 3 283.13 230.67 35 0.92534 190
192 3 281.6 229.02 35 1.0152 191
193 3 279.52 227.63 35 0.84039 192
194 3 277.98 226.3 35 0.95033 193
195 3 276.8 224.8 35 0.78102 194
196 3 275.58 223.4 35 0.98012 195
197 3 273.94 222.44 39 0.89181 196
198 3 272.15 221.16 39 0.68111 197
199 3 270.55 219.77 39 0.83104 198
200 3 268.9 217.4 39 1.3038 199
201 3 266.63 215.9 39 1.2229 200
202 3 265.17 214.43 39 0.84926 201
203 3 263.88 212.55 39 0.84001 202
204 3 262.88 210.77 39 0.88388 203
205 3 261.35 208.9 39 0.88458 204
206 3 259.67 207.52 39 1.1753 205
207 3 258.77 205.9 44 0.65432 206
208 3 257.25 204.38 44 0.83104 207
209 3 255.67 202.85 44 0.59002 208
210 3 254.38 201.18 44 0.95721 209
211 3 252.6 199.33 44 1.0621 210
212 3 250.85 198.1 44 1.0966 211
213 3 249.2 196.5 44 1.4866 212
214 3 248.27 194.8 44 1.2562 213
215 3 247 193.18 44 1.0152 214
216 3 245.88 191.93 45 0.84926 215
217 3 244.27 189.98 45 1.2067 216
218 3 243.25 188.05 45 0.87464 217
219 3 241.82 186.38 45 0.81624 218
220 3 240.05 184.3 45 1.0124 219
221 3 239.27 181.6 45 0.91001 220
222 3 238.2 180.07 46 0.77176 221
223 3 236.55 178.48 46 0.72672 222
224 3 235.15 176.75 46 0.73825 223
225 3 234.65 174.77 46 0.625 224
226 3 233.83 173.38 46 1.3139 225
227 3 232.85 171.38 49 0.91549 226
228 3 231.73 169.4 49 1.0785 227
229 3 230.48 167.2 49 1.0065 228
230 3 229.92 165 49 0.77661 229
231 3 228.55 163.63 49 1.5135 230
232 3 227.82 160.95 51 0.87643 231
233 3 227.52 158.3 51 0.8807 232
234 3 227.35 155.93 51 0.8035 233
235 3 227.25 154.07 51 0.95295 234
236 3 226.93 151.25 51 1.0854 235
237 3 227.4 148.9 51 0.80156 236
238 3 227.15 146.63 51 1.1503 237
239 3 227.48 144.42 51 0.6255 238
240 3 227.65 141.88 51 0.85037 239
241 3 227.43 139.58 51 1.1753 240
242 3 226.65 137.35 51 0.76485 241
243 3 317.3 325.8 15 1.1705 13
244 3 315.58 326.67 15 1.0753 243
245 3 314.42 327.67 16 1.047 244
246 3 313.17 329.42 16 1.4853 245
247 3 311.65 330.75 16 1.4534 246
248 3 310.13 332.27 16 1.1319 247
249 3 308.75 334.21 16 1.2672 248
250 3 307.63 335.83 16 1.1494 249
251 3 305.79 337.63 16 1.18 250
252 3 304.5 339.17 20 1.1211 251
253 3 303.08 340.75 20 1.3668 252
254 3 300.96 342.71 20 1.0017 253
255 3 298.5 344.13 21 0.98337 254
256 3 296.46 345 21 1.2112 255
257 3 294.5 346.42 21 1.0865 256
258 3 292.21 347.67 21 1.0417 257
259 3 290.33 348.25 21 1.1577 258
260 3 288.5 348.92 24 1.118 259
261 3 286.17 349.42 24 1.0541 260
262 3 283.92 349.54 24 1.0417 261
263 3 281.63 349.92 24 1.1674 262
264 3 279.08 350.33 24 1.1932 263
265 3 276.88 350.67 28 1.5839 264
266 3 274.46 351 28 1.5484 265
267 3 271.92 351.21 28 1.38 266
268 3 269.38 351.29 28 1.1859 267
269 3 266.96 352.13 28 1.243 268
270 3 264.92 353.04 31 1.1219 269
271 3 262.63 353.67 31 1.1763 270
272 3 260.45 354.63 31 1.3521 271
273 3 258.85 355.08 31 1.0738 272
274 3 256.08 355.8 31 0.90589 273
275 3 253.73 356.5 31 0.85915 274
276 3 251.63 356.85 34 1.0854 275
277 3 249.38 357.77 34 1.2634 276
278 3 246.92 358.02 34 0.9172 277
279 3 243.75 358.25 36 0.86314 278
280 3 241.35 358.17 36 0.77662 279
281 3 239 358.22 36 0.67685 280
282 3 236.38 357.88 40 0.79275 281
283 3 234.46 358 40 0.85899 282
284 3 231.81 358 40 1.0477 283
285 3 228.81 358.06 40 0.9228 284
286 3 225.81 357.88 40 1.3877 285
287 3 222.19 357.44 40 1.2022 286
288 3 219.69 357.38 41 1.65 287
289 3 216.56 355.88 41 0.97828 288
290 3 212.69 355.19 41 0.8149 289
291 3 208.69 354.06 41 0.98821 290
292 3 205 353.44 41 1.1267 291
293 3 201.44 352.69 41 1.314 292
294 3 197.5 351.44 41 1.1267 293
295 3 193.81 350.38 41 1.4591 294
296 3 191.06 349.69 41 1.0789 295
297 3 189.25 349.08 42 0.84983 296
298 3 187.04 348.58 42 0.8829 297
299 3 184.42 348.92 42 1.0865 298
300 3 181.63 348.71 42 0.87599 299
301 3 179.29 348.63 42 0.80146 300
302 3 177.13 349.13 42 0.71929 301
303 3 174.75 348.71 42 0.85898 302
304 3 172.25 347.71 43 0.78284 303
305 3 170.38 346.42 43 0.91383 304
306 3 167.96 345.63 43 1.0291 305
307 3 165.63 344.67 43 0.69347 306
308 3 163.63 343.38 43 0.94466 307
309 3 161.21 342.17 43 0.85898 308
310 3 159.25 341.83 43 0.87002 309
311 3 157.21 341.13 45 0.70957 310
312 3 154.79 340.96 45 0.92233 311
313 3 152.29 340.42 45 0.84265 312
314 3 149.96 340 45 0.88291 313
315 3 147.88 339.04 45 0.87599 314
316 3 145.54 338.79 45 0.80148 315
317 3 142.96 338.54 45 0.88388 316
318 3 140.33 338.42 45 0.83748 317
319 3 137.96 337.88 45 0.95923 318
320 3 135.5 337.21 45 0.83021 319
321 3 132.54 337.33 45 0.84265 320
322 3 130.38 337.13 48 0.84368 321
323 3 128 336.88 48 0.70834 322
324 3 125.46 337.04 48 0.70955 323
325 3 123.21 337.46 48 0.98071 324
326 3 121.33 337.71 48 0.79167 325
327 3 119 337.42 48 1.0138 326
328 3 116.54 337.17 48 0.72768 327
329 3 114.42 336.13 48 0.85897 328
330 3 111.88 336.33 48 1.0009 329
331 3 109.25 336.67 50 1.1667 330
332 3 106.88 336.88 50 1.1441 331
333 3 104.54 336.25 50 1.0316 332
334 3 237.42 359.75 36 0.76527 281
335 3 235.35 360.02 38 0.72501 334
336 3 232.95 360.6 38 0.76485 335
337 3 230.77 361.25 38 1.068 336
338 3 228.35 361.53 38 0.925 337
339 3 226.23 361.6 38 0.95295 338
340 3 223.95 362.28 40 0.92635 339
341 3 221.43 362.5 42 1.1026 340
342 3 218.93 362.33 42 0.77863 341
343 3 216.68 361.98 42 0.63738 342
344 3 214.55 362.35 42 0.95131 343
345 3 212.33 362.75 42 1.1696 344
346 3 209.33 363.79 42 0.97271 345
347 3 207.08 363.88 42 0.96196 346
348 3 203.92 363.42 42 0.83333 347
349 3 202.13 363.54 42 1.0491 348
350 3 199.83 363.25 42 1.0961 349
351 3 197.13 362.96 42 0.89946 350
352 3 194.33 362.79 42 1.0417 351
353 3 191.71 362.63 42 1.1319 352
354 3 189.29 362.33 44 1.0009 353
355 3 186.67 361.67 44 0.83748 354
356 3 184.42 361.29 44 0.79167 355
357 3 181.88 361.21 44 0.87599 356
358 3 179.38 360.92 44 0.91762 357
359 3 177.17 360.25 44 0.60668 358
360 3 173.92 359.58 44 0.79057 359
361 3 171.5 359.75 44 0.91666 360
362 3 168.42 359.63 44 0.70834 361
363 3 166.33 359.92 44 1.0833 362
364 3 164.08 359.58 44 0.82074 363
365 3 161.63 359.75 47 1.1032 364
366 3 159.63 360 47 1.0841 365
367 3 157.13 360.17 47 1.2507 366
368 3 154.04 359.58 47 1.5006 367
369 3 150.92 359.58 47 1.3044 368
370 3 148.04 359.17 47 0.95106 369
371 3 145.92 358.17 47 0.90139 370
372 3 143.58 357.54 47 0.96194 371
373 3 141.08 357.67 47 1.2611 372
374 3 138.46 356.75 47 0.83438 373
375 3 135.5 357.08 52 1.0865 374
376 3 132.29 357 52 1.0009 375
377 3 129.75 356.96 52 1.045 376
378 3 126.83 357.46 52 1.2782 377
379 3 124.38 358 52 1.0841 378
380 3 121.25 358.33 52 1 379
381 3 118.58 358.75 52 1.2528 380
382 3 115.71 359.63 52 1.0623 381
383 3 113.21 359.71 52 1.3807 382
384 3 110.08 360.67 52 1.0035 383
385 3 107.29 362.25 52 1.5839 384
386 3 104.21 363.17 52 1.0215 385
387 3 101.38 364.21 52 1.0491 386
388 3 98.583 363.58 52 0.93169 387
389 3 304.25 334.38 30 0.98337 251
390 3 302.75 332.42 30 1.1785 389
391 3 300.71 329.88 30 1.243 390
392 3 299.04 328.5 36 1.1494 391
393 3 296.79 326.17 36 1.3418 392
394 3 295.38 324 39 1.2112 393
395 3 293.13 321.71 39 1.0291 394
396 3 291 319.96 44 1.38 395
397 3 287.75 318.63 44 1.1733 396
398 3 284.58 318.21 44 1.8601 397
399 3 281.63 317.54 44 1.7727 398
400 3 278.17 316.21 44 1.5167 399
401 3 275.08 314.71 53 1.1219 400
402 3 271.67 312.96 53 1.5281 401
403 3 268.88 311.92 53 1.6229 402
404 3 268.29 308.46 60 0.94464 403
405 3 265.38 305.92 60 1.7525 404
406 3 263.13 302.79 60 0.89172 405
407 3 261.33 300.92 64 1.2388 406
408 3 260.21 297.58 64 1.1494 407
409 3 258.58 295.33 64 1.4837 408
410 3 256.67 293.21 68 1.1674 409
411 3 253.17 292.08 68 1.4907 410
412 3 250.25 290.33 68 1.4337 411
413 3 247.46 289 68 1.6961 412
414 3 245.25 288.08 76 1.1335 413
415 3 242.38 286.25 76 1.4 414
416 3 240.25 284.29 76 1.2507 415
417 3 239.33 281.83 76 1.424 416
418 3 236.71 279.83 76 1.6035 417
419 3 234.88 278.13 81 1.0291 418
420 3 232.67 276.04 81 1.0937 419
421 3 230.21 273.58 81 1.2836 420
422 3 227.58 271.67 81 1.0442 421
423 3 266.42 311.13 53 1.2672 403
424 3 263.96 309.96 53 0.89946 423
425 3 261.79 308.46 53 1.1917 424
426 3 258.33 307.42 53 1.1844 425
427 3 255.96 306 53 0.87896 426
428 3 252.5 304.88 53 1.1494 427
429 3 249.5 302.96 57 1.4512 428
430 3 246.92 300.71 57 1.0316 429
431 3 243.63 298.5 57 1.0316 430
432 3 241.58 297.04 57 1.0937 431
433 3 239.29 294.88 57 1.1441 432
434 3 236.79 293.63 61 1.1071 433
435 3 233.92 292.88 61 1.3077 434
436 3 231 289.83 61 1.1335 435
437 3 228.17 289.67 62 0.93169 436
438 3 224.63 288.67 62 1.1585 437
439 3 221.63 287.04 65 1.2148 438
440 3 219.67 285.17 65 1.2018 439
441 3 216.71 284.08 65 0.99041 440
442 3 213.5 283.04 65 0.63602 441
443 3 210.33 281.58 65 0.97182 442
444 3 206.83 280.17 70 0.95015 443
445 3 203 279.25 70 1.0865 444
446 3 200.42 279.04 70 1.2781 445
447 3 197.29 277.5 70 1.2836 446
448 3 195.13 275.96 70 1.0291 447
449 3 191.92 275.04 70 1.4367 448
450 3 188.17 274.96 70 1.2944 449
451 3 184.71 275.13 70 1.2148 450
452 3 181.63 273.46 70 1.2148 451
453 3 178.79 274 70 1.5685 452
454 3 175.29 274.38 77 1.1319 453
455 3 172.42 275.33 77 1 454
456 3 168.58 276.75 77 1.2748 455
457 3 344.67 328.58 13 1.3158 4
458 3 342.21 326.67 24 1.0078 457
459 3 339.65 326.58 24 0.825 458
460 3 337.35 326.72 24 0.82651 459
461 3 335.38 327.3 27 0.84595 460
462 3 333.65 328.47 27 1.1037 461
463 3 330.98 328.17 27 0.85513 462
464 3 329 327.71 33 0.67315 463
465 3 326.88 327.04 33 0.84369 464
466 3 324.67 326.21 33 1.0809 465
467 3 321.83 325.71 33 1.1219 466
468 3 319.71 324.75 38 1.0417 467
469 3 315.75 324.38 42 0.79166 468
470 3 313.75 324.58 42 0.91667 469
471 3 311.79 325.13 42 1.1441 470
472 3 309.83 324.38 44 0.89461 471
473 3 307.33 323.38 44 1.0147 472
474 3 305.08 322.13 45 0.82181 473
475 3 302.88 321.46 45 1.243 474
476 3 298.83 320.5 45 1.0035 475
477 3 296 320.54 45 0.89073 476
478 3 293 319.58 45 1.0138 477
479 3 345.67 326.27 13 1.2068 457
480 3 346.42 323.63 10 1.1032 479
481 3 346.79 320.54 10 1.2148 480
482 3 347.13 318.33 10 1.375 481
483 3 346.83 314.79 10 1.2507 482
484 3 346.13 310.67 10 1.3521 483
485 3 343.83 307 10 1.4577 484
486 3 342.92 303.96 19 1.2754 485
487 3 342.13 301.13 19 1.3756 486
488 3 340.5 297.92 19 1.4743 487
489 3 338.17 295.5 19 1.1211 488
490 3 336.13 293.71 19 1.4731 489
491 3 336.67 289.75 19 0.91667 490
492 3 336.13 285.96 19 0.88388 491
493 3 336.04 283.54 19 0.95197 492
494 3 335.54 280.79 19 1.0753 493
495 3 334.25 277.83 23 1.0607 494
496 3 332.83 275.71 23 1.0937 495
497 3 332 273.88 23 1.2169 496
498 3 329.92 271.63 23 1.1494 497
499 3 327.88 270 23 0.91381 498
500 3 326.08 268.21 23 0.73716 499
501 3 325.13 265.79 29 1.1258 500
502 3 323.29 263.79 29 0.91477 501
503 3 322 261.67 29 1.3437 502
504 3 320.29 259.79 29 1.1258 503
505 3 318.08 258.04 29 1.1 504
506 3 315.42 256 32 0.79057 505
507 3 312.96 254.5 32 0.9904 506
508 3 310.96 252.83 32 1.0417 507
509 3 309.66 251.67 32 0.95014 508
510 3 307.96 249.79 37 0.94465 509
511 3 306.71 247.84 37 1.1939 510
512 3 304.66 245.21 37 1.3926 511
513 3 303.5 243.46 37 1.1219 512
514 3 302.59 242.17 37 0.95014 513
515 3 301.46 240.17 37 0.9904 514
516 3 299.46 237.67 37 0.85899 515
517 3 298.29 236.08 36 0.82179 516
518 3 297.29 234.46 36 0.6897 517
519 3 295.71 232.54 36 0.72887 518
520 3 294.04 230.54 36 0.46022 519
521 3 292.42 228.79 36 0.67829 520
522 3 291.54 227.33 36 0.63602 521
523 3 290.29 220.04 41 0.71927 522
524 3 290.42 217.58 41 1.0865 523
525 3 291.29 215.08 41 1.2917 524
526 3 290.71 212.67 41 0.97271 525
527 3 290.38 209.88 41 0.63738 526
528 3 289.92 207.33 41 0.91667 527
529 3 289.04 205.17 41 1.1219 528
530 3 288.42 201.83 41 1.0308 529
531 3 289.04 199.54 41 0.88388 530
532 3 288.96 196.71 41 0.89946 531
533 3 288.46 194.29 41 1.1859 532
534 3 287.92 192.21 44 0.7784 533
535 3 288.08 189.96 44 1.5948 534
536 3 287.29 187.54 44 1.209 535
537 3 286.75 184.83 44 0.68717 536
538 3 287.5 182.21 44 1.0841 537
539 3 289.63 179.92 44 1.3851 538
540 3 290.38 178.21 50 0.6897 539
541 3 291 175.88 50 1.5006 540
542 3 290.42 173.25 50 0.93169 541
543 3 289.29 170.25 50 0.85493 542
544 3 288.83 168 50 0.71201 543
545 3 288.75 165.63 50 0.75116 544
546 3 288.17 163.63 50 0.69846 545
547 3 287.04 161.21 50 0.55591 546
548 3 286.96 158.46 49 0.79277 547
549 3 287 155.54 49 0.92514 548
550 3 287 153 49 0.67184 549
551 3 286.46 151 49 0.54167 550
552 3 286.63 149.04 49 0.80146 551
553 3 285.96 145.83 49 0.93635 552
554 3 284.63 143.79 49 0.88388 553
555 3 282.79 141.71 49 1.0291 554
556 3 280.63 139.54 49 0.80148 555
557 3 279 137.88 49 0.74186 556
558 3 278.54 135.88 52 1.2148 557
559 3 277.25 133.58 52 1.1932 558
560 3 314.55 322.05 42 0.64032 469
561 3 312.75 320.65 42 0.74329 560
562 3 310.63 319.38 52 0.79764 561
563 3 309.02 317.6 52 1.0335 562
564 3 307.73 315.05 52 0.81432 563
565 3 306.2 313.55 60 1.0966 564
566 3 304.33 311.3 60 0.91001 565
567 3 302.6 309.25 60 0.78103 566
568 3 301.58 307.79 64 0.545 567
569 3 299.9 306.42 64 0.79569 568
570 3 297.2 303.05 68 0.83216 569
571 3 296 301.45 68 0.64032 570
572 3 294.33 299.83 68 0.63737 571
573 3 293.05 298.55 68 0.88459 572
574 3 291.33 296.95 68 0.87071 573
575 3 290.33 295.5 68 0.87502 574
576 3 289.52 293.22 76 0.75581 575
577 3 287.98 291.73 76 0.74245 576
578 3 286.38 290.03 76 1.2026 577
579 3 284.58 288.15 76 0.79569 578
580 3 282.85 286.13 76 1.009 579
581 3 280.42 284.78 82 0.68647 580
582 3 277.92 283.67 82 0.89512 581
583 3 275.7 282.13 82 0.90174 582
584 3 273.4 280.8 82 0.82007 583
585 3 271.1 279.4 82 0.67268 584
586 3 227.92 359.5 47 1.1844 337
587 3 225.13 358.21 47 1.0086 586
588 3 222 356.75 47 1.3668 587
589 3 218.92 355.04 47 0.97271 588
590 3 216.71 354.17 53 0.83853 589
591 3 212.25 354.04 53 0.9904 590
592 3 209 352.88 53 1.1 591
593 3 206.54 351.92 53 1.3418 592
594 3 203.23 352.02 60 0.84038 593
595 3 200.82 351.4 60 0.86782 594
596 3 198.05 350.47 60 0.87071 595
597 3 195.4 349.4 60 0.99247 596
598 3 192.95 348.38 60 1.2311 597
599 3 189.92 347.92 65 1.2018 598
600 3 187.38 347 65 0.80901 599
601 3 185.63 346.13 68 0.80039 600
602 3 183.06 344.63 68 1.1057 601
603 3 180.56 342.94 68 1.3835 602
604 3 176.5 342.81 68 1.6069 603
605 3 172.5 341.94 68 1.2885 604
606 3 169.69 340.25 68 1.2071 605
607 3 165.75 340.56 76 1.2006 606
608 3 161.75 339.94 76 1.2885 607
609 3 158.94 338.44 76 1.1626 608
610 3 156.19 336.44 82 1.417 609
611 3 154.19 334.06 82 1.0643 610
612 3 342.08 341.96 13 6.747 1
613 3 310.58 327.21 44 0.93635 471
614 3 309.04 328.75 44 1.2863 613
615 3 308.21 331.21 44 1.2652 614
616 3 306.38 333.33 44 1.7022 615
617 3 303.75 333.79 51 0.89073 616
618 3 300.96 334.54 51 1.2262 617
619 3 298.54 334.96 51 0.96645 618
620 3 295.25 334.17 57 1.0833 619
621 3 292.58 334.42 57 1.0961 620
622 3 290.83 337.08 66 1.4191 621
623 3 289.25 339.71 66 1.597 622
624 3 287.17 341.71 66 1.0937 623
625 3 283.79 342.67 72 0.96196 624
626 3 279.75 344.13 75 1.1524 625
627 3 276.58 344.88 75 1.5167 626
628 3 272.71 345.5 75 1.2562 627
629 3 268.83 345.54 75 1.1373 628
630 3 265.04 346.13 81 1.7921 629
631 3 260.46 344.79 81 1.0291 630
632 3 257.42 343.96 81 1.2311 631
633 3 253.58 343 81 0.87004 632
634 3 250.13 342.63 81 1.0291 633
635 3 247.42 343.54 84 1.4583 634
636 3 244.29 343.21 84 1.0491 635
637 3 240.92 342.75 84 0.83334 636
638 3 347.75 327.96 16 1.1997 457
639 3 349.29 324.96 16 1.1622 638
640 3 350.67 322.33 16 1.2304 639
641 3 352.96 319.33 16 1.4959 640
642 3 355.04 315.63 16 1.7922 641
643 3 357.04 311.29 16 2.1449 642
644 3 355.13 306.96 25 1.1859 643
645 3 355 303.25 25 1.5366 644
646 3 354.46 298.83 25 1.0713 645
647 3 354.96 294.88 31 1.0017 646
648 3 356.21 292.25 31 1.7405 647
649 3 357.5 288.54 31 1.6672 648
650 3 358.04 285.17 31 1.8224 649
651 3 357.58 280.83 31 1.1607 650
652 3 356.33 277.33 31 1.3017 651
653 3 355.54 274.75 38 1.1524 652
654 3 354.58 271.46 38 1.068 653
655 3 353.63 267.96 38 1.6635 654
656 3 352 264.38 38 1.1494 655
657 3 350.92 260.83 38 1.4142 656
658 3 349.42 258.17 38 1.118 657
659 3 347.75 256 45 0.8375 658
660 3 346.38 253.38 45 1.1258 659
661 3 345.79 249.58 45 1.0417 660
662 3 345.33 246.54 45 1.1032 661
663 3 345.08 243.21 50 0.91762 662
664 3 346.96 241.29 50 0.94465 663
665 3 349.13 239.33 50 1.5052 664
666 3 351.96 237.54 50 1.4252 665
667 3 352.5 234.5 55 1.0138 666
668 3 351.96 231.25 61 0.97271 667
669 3 352.75 228.83 61 1.6667 668
670 3 353.38 225.96 61 1.287 669
671 3 354.25 222.83 68 1.424 670
672 3 353.17 219.75 68 1.0833 671
673 3 352.46 216.71 68 0.55591 672
674 3 352.04 214.54 68 0.81863 673
675 3 351.19 211.25 75 1.2327 674
676 3 350.31 208.5 75 0.97026 675
677 3 350.5 205.31 75 2.2716 676
678 3 348.54 202.83 83 1.3851 677
679 3 346.67 200.75 83 1.2388 678
680 3 346.42 197.04 83 1.4173 679
681 3 346.25 195.58 84 0.8375 680
682 3 340.79 323.88 24 1.0623 458
683 3 340.79 320.75 24 1.0809 682
684 3 339.42 318.33 24 1.1211 683
685 3 338.13 314.88 24 1.1441 684
686 3 337.54 312.25 30 1.2367 685
687 3 337.17 309.25 30 1.4837 686
688 3 336.75 306.33 30 1.3668 687
689 3 335.54 303.29 30 1.2977 688
690 3 334.04 300.38 30 0.92233 689
691 3 333.63 297.58 30 0.68338 690
692 3 333.58 294.21 35 1.78 691
693 3 331.58 291.29 35 0.92515 692
694 3 331.38 289.04 35 1.3294 693
695 3 329.46 287 35 0.97271 694
696 3 328.71 285 35 0.82179 695
697 3 327.08 283.42 35 1.2964 696
698 3 325.17 281.38 35 1.8167 697
699 3 323.58 279.71 41 1.444 698
700 3 321.42 277.21 41 1.1494 699
701 3 320 275.42 41 1.0172 700
702 3 318.08 273.63 41 0.98336 701
703 3 316.46 271.88 41 1.1196 702
704 3 315.17 270.04 41 0.74185 703
705 3 313.04 268.46 45 0.88388 704
706 3 311.21 266.88 45 1.3756 705
707 3 309.33 265.17 45 1.4337 706
708 3 307.58 263.88 45 1.6335 707
709 3 306.42 260.42 50 1.4554 708
710 3 305.46 257.75 50 0.97271 709
711 3 305.63 254.88 50 0.80146 710
712 3 304.63 252.79 53 0.98073 711
713 3 302.83 250.21 53 0.85898 712
714 3 302.21 247.96 53 1.1741 713
715 3 300.46 245.63 53 0.70956 714
716 3 299.04 243.29 53 0.81863 715
717 3 297.42 242.29 58 1.0937 716
718 3 295.25 240.29 58 0.88291 717
719 3 293.79 238.33 58 1.035 718
720 3 291.88 236.42 58 1.4367 719
721 3 290.92 233.92 58 1.1118 720
722 3 290.63 231.46 58 1.2148 721
723 3 288.92 229.75 64 1.1607 722
724 3 287.46 226.96 64 0.95924 723
725 3 286.54 224.63 64 1.0291 724
726 3 285.04 222.58 64 1.1524 725
727 3 282.58 220.42 65 0.88585 726
728 3 281.21 218.63 67 1.2977 727
729 3 279.71 216.13 67 1.1258 728
730 3 278.65 214.2 67 0.99624 729
731 3 277.83 211.77 67 1.0326 730
732 3 277.15 209.98 72 1.0028 731
733 3 276.45 208.1 72 1.0794 732
734 3 275.58 205.52 72 1.2966 733
735 3 274.05 202.85 72 0.89443 734
736 3 272.8 200.8 73 0.78262 735
737 3 271.78 198.45 73 1.1161 736
738 3 270.42 196.4 73 0.85038 737
739 3 269.2 193.95 78 1.1236 738
740 3 268.55 191.13 78 1.375 739
741 3 267.23 189.07 78 1.1319 740
742 3 266.38 187.27 78 1.3309 741
743 3 265.83 185.17 79 0.9172 742
744 3 348.63 259.17 45 1.5098 657
745 3 346.75 258.08 44 1.2388 744
746 3 344.67 256.54 44 1.1373 745
747 3 341.75 254.88 44 1.2311 746
748 3 338.17 253 44 1.0308 747
749 3 335 250.67 44 1.4767 748
750 3 332.83 249.04 48 1.2535 749
751 3 329.88 247.83 48 0.95107 750
752 3 327.96 245.75 48 1.2026 751
753 3 325.79 243.96 48 1.287 752
754 3 323.5 242.33 48 1.1577 753
755 3 321.25 240.33 48 1.0833 754
756 3 318.88 239.29 52 1.0817 755
757 3 315.96 238.33 52 1.3392 756
758 3 313.63 236.92 52 1.3649 757
759 3 311.5 235.08 52 1.1844 758
760 3 308.88 233.46 52 0.84368 759
761 3 306.46 232.63 52 0.95197 760
762 3 303.88 232.79 56 1.0017 761
763 3 302.38 231.58 56 1.564 762
764 3 300 228 56 1.8856 763
765 3 296 224.67 56 1.4907 764
766 3 292.67 222.5 56 2.0069 765
767 3 290.25 219 64 1.25 766
768 3 285 214.63 64 2.0502 767
769 3 279.88 209.63 64 2.1866 768
770 3 276.5 205.25 64 1.6771 769
771 3 273.5 203.25 66 1.3176 770
772 3 269.71 201.17 66 1.1 771
773 3 267.13 199.46 71 0.98778 772
774 3 264.13 197.71 71 1.4731 773
775 3 260.96 196 71 1.2112 774
776 3 259.25 193 76 1.0035 775
777 3 256.04 191.13 76 0.84368 776
778 3 252.75 189.33 76 0.76829 777
779 3 251.04 186.88 82 1.0623 778
780 3 249.17 184.17 82 1.0035 779
781 3 268.88 314.92 56 1.1219 402
782 3 266.46 315.38 56 1.0491 781
783 3 263 315.33 56 1.0961 782
784 3 260.58 315.96 56 1.625 783
785 3 257.54 314.5 62 1.068 784
786 3 255.21 313.63 62 1.1441 785
787 3 251.58 313.71 62 1.1373 786
788 3 248.42 313.04 62 1.1524 787
789 3 245.29 312.96 62 1.2977 788
790 3 242.33 312.21 66 0.87896 789
791 3 238.79 311.96 66 1.1319 790
792 3 236.33 311.92 66 1.1932 791
793 3 233.04 312.21 66 1.3756 792
794 3 230.02 310.42 72 0.79451 793
795 3 227.77 310.2 72 0.91001 794
796 3 224.95 309.8 72 0.91923 795
797 3 222.33 308.73 72 0.77541 796
798 3 219.75 308.3 76 0.77621 797
799 3 217.23 308.33 76 0.87536 798
800 3 214.85 308 76 0.70001 799
801 3 212.85 308.38 76 0.97629 800
802 3 210.38 308.38 76 1.0494 801
803 3 208.05 309.35 80 1.0794 802
804 3 205.77 309.92 80 0.92534 803
805 3 203.3 309.75 80 0.77621 804
806 3 200.5 309.45 80 0.8 805
807 3 198.3 309.95 83 0.7 806
808 3 194.85 310.47 83 0.67685 807
809 3 191.73 311.03 83 0.68647 808
810 3 189.42 312 83 0.95687 809
811 3 187.35 313.58 84 0.89618 810
812 3 184.58 313.92 84 0.57554 811
813 3 304.67 263 49 1.1931 708
814 3 302 262.25 49 1.0172 813
815 3 299.75 261.33 49 1.0607 814
816 3 295.92 260.83 49 1.6008 815
817 3 294 258.79 49 1.1373 816
818 3 290.13 257.17 52 1.2754 817
819 3 287.75 255.13 52 1.1584 818
820 3 285.83 252.92 52 0.7683 819
821 3 283.79 251.13 52 0.72887 820
822 3 281.46 250.04 52 0.29463 821
823 3 278.67 248.83 58 1.0172 822
824 3 276.33 247.54 58 1.1494 823
825 3 274.63 245.38 58 1.0753 824
826 3 272.33 244.42 58 1.2388 825
827 3 269.17 242.25 58 1.1577 826
828 3 267.67 240.42 58 1.0672 827
829 3 265.5 239.17 58 0.68718 828
830 3 263 238.92 58 1.1696 829
831 3 260.5 236.83 64 1.0672 830
832 3 258.33 235.08 64 1.0672 831
833 3 255.38 232.42 64 0.92515 832
834 3 253.58 230.92 64 0.83333 833
835 3 251.46 229.33 64 1.3975 834
836 3 248.79 228.46 64 0.6897 835
837 3 246.79 227.29 64 1.1859 836
838 3 244.67 226 67 1.1211 837
839 3 242.33 224.88 67 1.045 838
840 3 239.88 224.29 67 1.1441 839
841 3 237.04 223.71 67 0.84369 840
842 3 234.63 222.29 67 1.1258 841
843 3 232.63 221.29 67 0.84369 842
844 3 230.25 220.42 72 0.95014 843
845 3 227.04 219.54 72 1.345 844
846 3 224.54 219.79 72 1.4494 845
847 3 220.75 218.92 72 1.1335 846
848 3 217.96 218.92 72 1.2026 847
849 3 214.83 217.88 72 1.0937 848
850 3 212.96 216.67 72 1.0809 849
851 3 210.13 215.42 72 0.85493 850
852 3 209 213.68 77 0.86782 851
853 3 208.27 211.7 77 1.0359 852
854 3 207.52 209.4 77 0.9424 853
855 3 316.33 256.08 29 1.0753 505
856 3 314.63 254.13 33 1.047 855
857 3 313.72 252.3 33 0.89617 856
858 3 312.52 250 34 1.1205 857
859 3 310.88 248.17 34 1.0983 858
860 3 309.63 246.13 34 0.74245 859
861 3 308.22 243.8 34 1.0078 860
862 3 307.25 242 39 0.85 861
863 3 305.7 239.83 39 1.2652 862
864 3 303.6 237.95 41 0.81395 863
865 3 302.05 236.25 41 1.0259 864
866 3 300.25 234.4 41 0.88458 865
867 3 298.88 232.58 44 0.708 866
868 3 297.17 230.7 44 0.73015 867
869 3 295.8 229.02 44 1.0467 868
870 3 294.22 227.27 44 1.2068 869
871 3 292.83 225.9 50 1.0431 870
872 3 290.95 223.63 50 0.83103 871
873 3 288.67 221.9 50 0.97244 872
874 3 287.2 220.33 50 1.0078 873
875 3 285.67 218.5 50 0.80505 874
876 3 284.2 217.15 50 1.0259 875
877 3 281.85 215.83 50 1.1138 876
878 3 280.42 214.25 55 0.84002 877
879 3 278.85 212.77 55 0.79727 878
880 3 277.08 211.75 55 1.1205 879
881 3 275.67 209.93 55 0.95197 880
882 3 275 207.98 55 0.98901 881
883 3 274.15 206.2 55 1.092 882
884 3 272.98 204.48 55 1.3606 883
885 3 271.88 202.85 58 1.0286 884
886 3 270.52 200.27 58 1.047 885
887 3 269.02 198.4 58 0.98394 886
888 3 267.55 196 58 0.80622 887
889 3 266 194.42 64 0.76527 888
890 3 264.73 192.13 64 0.99059 889
891 3 263.23 190.45 64 1.0957 890
892 3 262.33 188.52 64 0.7754 891
893 3 261.88 186.23 66 1.0891 892
894 3 259.7 184.6 66 1.2207 893
895 3 257.5 185 72 1.0548 894
896 3 255.52 184.82 72 0.9172 895
897 3 253.07 184.85 83 0.96599 896
898 3 344.13 240.42 50 0.97272 663
899 3 343.17 237.63 50 1.564 898
900 3 341.21 235.46 50 1.2977 899
901 3 338.21 234.38 50 1.243 900
902 3 335.79 232.33 54 0.87896 901
903 3 333.21 230.46 54 1.1441 902
904 3 330.54 228.5 54 1.0516 903
905 3 329.17 225.83 54 1.1785 904
906 3 327.5 223.42 58 1.3044 905
907 3 325.58 221.67 58 1.118 906
908 3 323.83 219.29 58 1.27 907
909 3 321.29 217.17 58 0.96195 908
910 3 319.38 215.67 58 1.27 909
911 3 317.25 213.46 63 1.0147 910
912 3 314.79 211.08 63 1.0249 911
913 3 313.08 209.88 63 0.85898 912
914 3 311.54 207.25 67 1.1939 913
915 3 309.08 205.38 67 0.82179 914
916 3 306.75 203.5 67 1.0442 915
917 3 303.21 201.25 67 0.85899 916
918 3 302.17 198.58 67 1.4337 917
919 3 298.96 196.25 69 0.98337 918
920 3 296.67 194.58 70 0.83333 919
921 3 294.04 193.54 70 0.63738 920
922 3 291.5 192.33 70 1.4554 921
923 3 290.17 190.96 70 0.91761 922
924 3 288.54 189 72 1.2026 923
925 3 286.5 188.04 72 0.85898 924
926 3 283.67 186.83 72 1.2019 925
927 3 282.38 185 72 0.95106 926
928 3 280.46 182.46 72 1.0753 927
929 3 279 180.33 79 1.1335 928
930 3 276.38 178.54 79 1.0623 929
931 3 272.71 176.79 79 0.5559 930
932 3 270.96 175.92 79 0.83438 931
933 3 269.83 173.9 83 0.83853 932
934 3 268.47 172.83 83 0.50621 933
